camera_matrix:
- [600.182107643462, 0.0, 324.8699220256826]
- [0.0, 600.3539556065689, 235.49720226157632]
- [0.0, 0.0, 1.0]
distortion_coefficients:
- [0.0898391693851943, 0.16768787042636515, -0.001830714003040777, 0.0002977495465581945,
  -1.2305647845071999]
hand_eye_rpy: [0.6761929569115019, -0.004374604849791255, -46.90482792124663]
hand_eye_transformation_matrix:
- [0.6832122435109256, 0.7301683804234289, -0.008669864277877082, 0.05109132039712807]
- [-0.7302198466812961, 0.683165324330627, -0.008007193326940776, 0.0941296429284048]
- [7.635125802786698e-05, 0.011801519480863776, 0.9999303567291211, 0.057894698728294704]
- [0.0, 0.0, 0.0, 1.0]
inverse_hand_eye_rpy: [-0.4588005298792242, 0.4967528554055646, 46.90281318969011]
inverse_hand_eye_transformation_matrix:
- [0.6832122435109235, -0.7302198466812946, 7.635125802878034e-05, 0.03382469746180638]
- [0.7301683804234276, 0.6831653243306265, 0.011801519480863951, -0.10229462012325588]
- [-0.00866986427787632, -0.00800719332694132, 0.9999303567291219, -0.05669399768976447]
- [0.0, 0.0, 0.0, 1.0]
